code
510010
510020
510030
510040
510050
510060
510090
510100
510130
510150
510160
510170
510180
510190
510200
510210
510230
510270
510290
510300
510310
510320
510330
510350
510360
510370
510380
510390
510410
510500
510510
510530
510550
510560
510570
510580
510590
510600
510630
510650
510660
510670
510680
510710
510720
510760
510770
510800
510810
510850
510880
510900
510950
510980
510990
512000
512010
512020
512030
512040
512050
512060
512070
512080
512090
512100
512120
512130
512150
512160
512170
512180
512190
512200
512220
512240
512250
512260
512290
512330
512360
512370
512380
512390
512400
512480
512500
512510
512520
512530
512550
512560
512570
512580
512600
512620
512630
512640
512650
512660
512670
512680
512690
512700
512710
512720
512730
512750
512760
512770
512800
512810
512820
512870
512880
512890
512900
512910
512930
512950
512960
512970
512980
512990
515000
515010
515020
515030
515050
515060
515070
515080
515090
515100
515110
515120
515130
515150
515160
515170
515180
515190
515200
515210
515220
515230
515250
515260
515290
515300
515310
515320
515330
515350
515360
515370
515380
515390
515400
515450
515530
515550
515560
515580
515590
515600
515630
515650
515660
515680
515700
515710
515720
515730
515750
515760
515770
515790
515800
515810
515850
515860
515880
515890
515900
515910
515920
515950
515960
515980
515990

